MEME version 4

ALPHABET= ACGT

Background letter frequencies:
A 0.3193 C 0.1763 G 0.1783 T 0.3261

MOTIF filter0
letter-probability matrix: alength= 4 w= 24 nsites= 297
0.2458 0.0565 0.2458 0.4518
0.1993 0.0399 0.0864 0.6744
0.1462 0.0498 0.0731 0.7309
0.1495 0.0698 0.0532 0.7276
0.1163 0.1728 0.2857 0.4252
0.7010 0.0565 0.1262 0.1163
0.7076 0.0465 0.1728 0.0731
0.1860 0.0930 0.5050 0.2159
0.2259 0.0598 0.1063 0.6080
0.1794 0.1528 0.0365 0.6312
0.4020 0.1063 0.0864 0.4053
0.1163 0.0332 0.0299 0.8206
0.6113 0.0831 0.0897 0.2159
0.0963 0.0432 0.0332 0.8272
0.3654 0.0997 0.0963 0.4385
0.2957 0.4086 0.0930 0.2027
0.1528 0.0365 0.0399 0.7708
0.2625 0.1296 0.0598 0.5482
0.1362 0.0532 0.0266 0.7841
0.2857 0.0797 0.2326 0.4020
0.5150 0.1794 0.0565 0.2492
0.4884 0.0631 0.0432 0.4053
0.5382 0.0797 0.1163 0.2658
0.1495 0.0631 0.0532 0.7342

