MEME version 4

ALPHABET= ACGT

Background letter frequencies:
A 0.3193 C 0.1763 G 0.1783 T 0.3261

MOTIF filter12
letter-probability matrix: alength= 4 w= 24 nsites= 659
0.7225 0.0860 0.0845 0.1071
0.5143 0.0890 0.0935 0.3032
0.0935 0.0694 0.0407 0.7964
0.2021 0.0769 0.0845 0.6365
0.1750 0.2549 0.0799 0.4902
0.4781 0.1267 0.0890 0.3062
0.3650 0.2278 0.0664 0.3409
0.3017 0.2730 0.0739 0.3514
0.1614 0.1282 0.0633 0.6471
0.5475 0.1327 0.0498 0.2700
0.2715 0.2685 0.1810 0.2790
0.6727 0.1222 0.0830 0.1222
0.9020 0.0271 0.0226 0.0483
0.8446 0.0392 0.0588 0.0573
0.5777 0.1584 0.0965 0.1674
0.5309 0.0603 0.0980 0.3107
0.2202 0.1599 0.2609 0.3590
0.8462 0.0271 0.0513 0.0754
0.2549 0.0845 0.0995 0.5611
0.4661 0.1161 0.0679 0.3499
0.6727 0.0860 0.0890 0.1523
0.6350 0.0483 0.0875 0.2293
0.7089 0.0814 0.0724 0.1373
0.4525 0.0995 0.0980 0.3499

