MEME version 4

ALPHABET= ACGT

Background letter frequencies:
A 0.3193 C 0.1763 G 0.1783 T 0.3261

MOTIF filter10
letter-probability matrix: alength= 4 w= 24 nsites= 264
0.3731 0.1716 0.1791 0.2761
0.3284 0.1903 0.2127 0.2687
0.3582 0.1754 0.1194 0.3470
0.2873 0.0970 0.2948 0.3209
0.4067 0.1007 0.1903 0.3022
0.3060 0.2127 0.1530 0.3284
0.1306 0.1530 0.4403 0.2761
0.2612 0.1828 0.4403 0.1157
0.2836 0.2127 0.0187 0.4851
0.0187 0.4515 0.4888 0.0410
0.9142 0.0746 0.0075 0.0037
0.0037 0.9888 0.0037 0.0037
0.1343 0.0075 0.8545 0.0037
0.0037 0.1604 0.0037 0.8321
0.0037 0.0037 0.9888 0.0037
0.0037 0.0037 0.4813 0.5112
0.0746 0.9142 0.0037 0.0075
0.6903 0.1381 0.0933 0.0784
0.1828 0.1007 0.2052 0.5112
0.2425 0.3806 0.1119 0.2649
0.3657 0.1157 0.1082 0.4104
0.1754 0.1716 0.1119 0.5410
0.2463 0.3843 0.1157 0.2537
0.2873 0.1716 0.1343 0.4067

