MEME version 4

ALPHABET= ACGT

Background letter frequencies:
A 0.3193 C 0.1763 G 0.1783 T 0.3261

MOTIF filter15
letter-probability matrix: alength= 4 w= 24 nsites= 496
0.3740 0.0420 0.0600 0.5240
0.3740 0.0360 0.0460 0.5440
0.4240 0.1200 0.1560 0.3000
0.5060 0.0900 0.0980 0.3060
0.2780 0.1400 0.1540 0.4280
0.7020 0.0740 0.0460 0.1780
0.0800 0.0280 0.0260 0.8660
0.5460 0.0460 0.0500 0.3580
0.1220 0.1020 0.0600 0.7160
0.4840 0.1060 0.0400 0.3700
0.1580 0.0620 0.0720 0.7080
0.6140 0.0360 0.0960 0.2540
0.0840 0.0980 0.0540 0.7640
0.5460 0.0840 0.0560 0.3140
0.2900 0.0680 0.0260 0.6160
0.7500 0.0780 0.0560 0.1160
0.1380 0.0240 0.0260 0.8120
0.8920 0.0300 0.0320 0.0460
0.2140 0.0880 0.0880 0.6100
0.4720 0.0920 0.0820 0.3540
0.6180 0.0380 0.0340 0.3100
0.2960 0.0620 0.0540 0.5880
0.5180 0.0500 0.0540 0.3780
0.2080 0.1060 0.0360 0.6500

