MEME version 4

ALPHABET= ACGT

Background letter frequencies:
A 0.3193 C 0.1763 G 0.1783 T 0.3261

MOTIF filter14
letter-probability matrix: alength= 4 w= 24 nsites= 325
0.2979 0.0456 0.1550 0.5015
0.6261 0.0517 0.1702 0.1520
0.1246 0.0243 0.0547 0.7964
0.7964 0.0334 0.0851 0.0851
0.0942 0.0486 0.0122 0.8450
0.8176 0.0243 0.0638 0.0942
0.0821 0.0426 0.0547 0.8207
0.6413 0.0608 0.0638 0.2340
0.0669 0.0274 0.0395 0.8663
0.7872 0.0243 0.0578 0.1307
0.5076 0.0942 0.0578 0.3404
0.6201 0.0669 0.0881 0.2249
0.0942 0.0274 0.0486 0.8298
0.4286 0.1611 0.0638 0.3465
0.3343 0.1459 0.0851 0.4347
0.5046 0.0821 0.0760 0.3374
0.2310 0.1125 0.1033 0.5532
0.4590 0.0942 0.1155 0.3313
0.4438 0.1033 0.1429 0.3100
0.6717 0.1033 0.0426 0.1824
0.6140 0.1003 0.0760 0.2097
0.7599 0.0912 0.0152 0.1337
0.6657 0.0608 0.0274 0.2462
0.3830 0.1003 0.1216 0.3951

