MEME version 4

ALPHABET= ACGT

Background letter frequencies:
A 0.3193 C 0.1763 G 0.1783 T 0.3261

MOTIF filter11
letter-probability matrix: alength= 4 w= 24 nsites= 528
0.6128 0.0695 0.1184 0.1992
0.5113 0.0489 0.0564 0.3835
0.7575 0.0451 0.0714 0.1259
0.2274 0.0526 0.0865 0.6335
0.2914 0.0451 0.0320 0.6316
0.1297 0.1692 0.1335 0.5677
0.4229 0.1823 0.0489 0.3459
0.0827 0.0451 0.0639 0.8083
0.6823 0.0395 0.0658 0.2124
0.2218 0.0902 0.0902 0.5977
0.7594 0.0470 0.0620 0.1316
0.2763 0.0846 0.0508 0.5883
0.2932 0.0789 0.0376 0.5902
0.0620 0.0207 0.0320 0.8853
0.6034 0.0695 0.0789 0.2481
0.1541 0.2030 0.0564 0.5865
0.6128 0.0771 0.0677 0.2425
0.3966 0.1090 0.1466 0.3477
0.4756 0.0846 0.2613 0.1786
0.2256 0.0695 0.1316 0.5733
0.2124 0.0846 0.0414 0.6617
0.5789 0.0620 0.0695 0.2895
0.3139 0.0320 0.0583 0.5959
0.6278 0.0376 0.0395 0.2951

