MEME version 4

ALPHABET= ACGT

Background letter frequencies:
A 0.3193 C 0.1763 G 0.1783 T 0.3261

MOTIF filter13
letter-probability matrix: alength= 4 w= 24 nsites= 168
0.2733 0.2849 0.2209 0.2209
0.2326 0.3837 0.2151 0.1686
0.3547 0.1919 0.2500 0.2035
0.3779 0.1977 0.1279 0.2965
0.1686 0.2616 0.1744 0.3953
0.3488 0.1337 0.3023 0.2151
0.3837 0.1977 0.2151 0.2035
0.3023 0.1628 0.2209 0.3140
0.3314 0.1279 0.2791 0.2616
0.5988 0.0581 0.1047 0.2384
0.2965 0.2674 0.2151 0.2209
0.2965 0.1395 0.4128 0.1512
0.0698 0.0872 0.0756 0.7674
0.0174 0.0058 0.9593 0.0174
0.2674 0.5930 0.1337 0.0058
0.0116 0.9709 0.0058 0.0116
0.9709 0.0058 0.0116 0.0116
0.0174 0.9186 0.0233 0.0407
0.0233 0.0233 0.9419 0.0116
0.0116 0.0233 0.0058 0.9593
0.0872 0.3430 0.5233 0.0465
0.3430 0.0291 0.2151 0.4128
0.1686 0.4186 0.1860 0.2267
0.2442 0.4709 0.0988 0.1860

