MEME version 4

ALPHABET= ACGT

Background letter frequencies:
A 0.3193 C 0.1763 G 0.1783 T 0.3261

MOTIF filter3
letter-probability matrix: alength= 4 w= 24 nsites= 234
0.3277 0.2017 0.2227 0.2479
0.3697 0.1723 0.1345 0.3235
0.2017 0.1975 0.1891 0.4118
0.3613 0.1975 0.1933 0.2479
0.4370 0.1597 0.1765 0.2269
0.3025 0.1303 0.2899 0.2773
0.4790 0.1261 0.1387 0.2563
0.3697 0.1387 0.1639 0.3277
0.3277 0.1303 0.2899 0.2521
0.4244 0.2353 0.1639 0.1765
0.0672 0.1134 0.1513 0.6681
0.0168 0.0042 0.9412 0.0378
0.3908 0.5924 0.0126 0.0042
0.0042 0.9874 0.0042 0.0042
0.9622 0.0042 0.0252 0.0084
0.0126 0.9496 0.0084 0.0294
0.0042 0.0084 0.9832 0.0042
0.0042 0.0042 0.0042 0.9874
0.0840 0.4538 0.4580 0.0042
0.4412 0.0084 0.2437 0.3067
0.1765 0.3361 0.2353 0.2521
0.1471 0.5756 0.0546 0.2227
0.4118 0.1429 0.1387 0.3067
0.3277 0.1807 0.1261 0.3655

