MEME version 4

ALPHABET= ACGT

Background letter frequencies:
A 0.3193 C 0.1763 G 0.1783 T 0.3261

MOTIF filter4
letter-probability matrix: alength= 4 w= 24 nsites= 410
0.2609 0.1884 0.2271 0.3237
0.2101 0.2778 0.2464 0.2657
0.2295 0.2778 0.2440 0.2488
0.3261 0.1691 0.2367 0.2681
0.2971 0.1981 0.2150 0.2899
0.2150 0.2101 0.1787 0.3961
0.2729 0.2174 0.2126 0.2971
0.3913 0.1715 0.1812 0.2560
0.2995 0.1812 0.2536 0.2657
0.4058 0.1280 0.1449 0.3213
0.3430 0.0894 0.2029 0.3647
0.3671 0.1304 0.1618 0.3406
0.2923 0.2053 0.1715 0.3309
0.1208 0.1329 0.3430 0.4034
0.1184 0.0845 0.6618 0.1353
0.4372 0.3696 0.0072 0.1860
0.0024 0.7802 0.1860 0.0314
0.9928 0.0024 0.0024 0.0024
0.0024 0.9928 0.0024 0.0024
0.0024 0.0024 0.9903 0.0048
0.0024 0.0048 0.0024 0.9903
0.0024 0.0121 0.9807 0.0048
0.0145 0.0072 0.5266 0.4517
0.1643 0.7850 0.0193 0.0314

