MEME version 4

ALPHABET= ACGT

Background letter frequencies:
A 0.3193 C 0.1763 G 0.1783 T 0.3261

MOTIF filter5
letter-probability matrix: alength= 4 w= 24 nsites= 215
0.1005 0.0548 0.0639 0.7808
0.4018 0.0320 0.1050 0.4612
0.0776 0.0639 0.0457 0.8128
0.5068 0.0868 0.0731 0.3333
0.0411 0.0548 0.0320 0.8721
0.7215 0.1279 0.0685 0.0822
0.2283 0.1142 0.0594 0.5982
0.7808 0.0639 0.0548 0.1005
0.2968 0.0731 0.0411 0.5890
0.5388 0.0502 0.0548 0.3562
0.2192 0.0320 0.0411 0.7078
0.6256 0.0639 0.1598 0.1507
0.3151 0.0594 0.1370 0.4886
0.6575 0.0502 0.0594 0.2329
0.1918 0.0411 0.0457 0.7215
0.2740 0.1553 0.0228 0.5479
0.2694 0.0548 0.1507 0.5251
0.5251 0.0959 0.0822 0.2968
0.2785 0.0868 0.0822 0.5525
0.2237 0.0457 0.0411 0.6895
0.1689 0.0411 0.2466 0.5434
0.8265 0.0411 0.0639 0.0685
0.6941 0.0183 0.0731 0.2146
0.9132 0.0457 0.0228 0.0183

